start=215.566667
volume=122.000000
